

************************************************************
**************************KEYGEN****************************
************************************************************

==============Public Key cca, b=============

 ( 463 , 960 , 752 , 464 , 989 , 437 , 550 , 886 , 602 , 467 , 779 , 20 , 430 , 378 , 769 , 138 , 740 , 793 , 330 , 675 , 144 , 305 , 276 , 978 , 3 , 82 , 431 , 90 , 642 , 49 , 706 , 766 , 348 , 110 , 493 , 877 , 661 , 230 , 989 , 911 , 144 , 766 , 676 , 565 , 174 , 983 , 730 , 186 , 719 , 528 , 813 , 193 , 502 , 577 , 832 , 605 , 390 , 290 , 341 , 101 , 777 , 35 , 392 , 185 , 964 , 486 , 266 , 299 , 780 , 714 , 642 , 529 , 357 , 835 , 931 , 54 , 720 , 213 , 902 , 221 , 389 , 483 , 760 , 953 , 403 , 839 , 463 , 45 , 1021 , 986 , 762 , 94 , 784 , 948 , 117 , 449 , 392 , 67 , 544 , 20 , 298 , 966 , 338 , 564 , 649 , 875 , 433 , 251 , 761 , 521 , 752 , 1020 , 884 , 807 , 385 , 442 , 577 , 581 , 578 , 583 , 761 , 762 , 923 , 108 , 862 , 951 , 956 , 406 , 788 , 709 , 50 , 896 , 770 , 791 , 553 , 818 , 594 , 685 , 662 , 187 , 136 , 973 , 17 , 329 , 996 , 195 , 638 , 989 , 338 , 959 , 311 , 308 , 616 , 19 , 80 , 726 , 222 , 105 , 734 , 267 , 50 , 550 , 942 , 251 , 725 , 298 , 699 , 778 , 420 , 938 , 653 , 418 , 543 , 891 , 345 , 462 , 760 , 344 , 930 , 142 , 657 , 934 , 773 , 949 , 166 , 596 , 636 , 551 , 350 , 39 , 63 , 754 , 858 , 536 , 933 , 813 , 892 , 930 , 113 , 1001 , 353 , 123 , 957 , 387 , 721 , 106 , 11 , 440 , 853 , 760 , 933 , 419 , 661 , 473 , 642 , 406 , 689 , 949 , 311 , 96 , 306 , 216 , 378 , 23 , 563 , 76 , 86 , 694 , 910 , 131 , 258 , 9 , 71 , 221 , 103 , 495 , 105 , 484 , 536 , 1001 , 24 , 267 , 917 , 992 , 662 , 695 , 813 , 334 , 133 , 952 , 511 , 110 , 490 , 982 , 1002 , 434 )   
 ( 923 , 554 , 528 , 137 , 301 , 82 , 513 , 706 , 317 , 925 , 153 , 90 , 844 , 79 , 901 , 325 , 369 , 190 , 991 , 973 , 293 , 658 , 651 , 639 , 293 , 365 , 136 , 456 , 621 , 484 , 622 , 910 , 618 , 48 , 647 , 313 , 898 , 647 , 44 , 996 , 1002 , 481 , 1012 , 348 , 434 , 991 , 836 , 161 , 414 , 544 , 647 , 196 , 600 , 303 , 242 , 784 , 255 , 845 , 199 , 234 , 827 , 50 , 610 , 934 , 272 , 817 , 971 , 180 , 921 , 345 , 890 , 352 , 737 , 547 , 970 , 258 , 779 , 1002 , 70 , 987 , 155 , 798 , 494 , 820 , 513 , 609 , 165 , 263 , 568 , 457 , 406 , 897 , 236 , 952 , 968 , 715 , 690 , 684 , 395 , 940 , 471 , 85 , 327 , 1015 , 90 , 958 , 134 , 309 , 885 , 152 , 694 , 863 , 239 , 880 , 257 , 514 , 555 , 119 , 989 , 483 , 726 , 710 , 98 , 458 , 243 , 32 , 195 , 509 , 963 , 246 , 172 , 47 , 3 , 96 , 218 , 426 , 738 , 425 , 708 , 411 , 299 , 897 , 850 , 184 , 24 , 808 , 1019 , 100 , 651 , 452 , 200 , 478 , 553 , 954 , 1022 , 746 , 562 , 379 , 752 , 281 , 885 , 442 , 1006 , 379 , 964 , 877 , 265 , 268 , 512 , 943 , 975 , 303 , 89 , 730 , 711 , 132 , 550 , 608 , 757 , 665 , 560 , 885 , 76 , 241 , 916 , 142 , 851 , 667 , 370 , 731 , 578 , 410 , 912 , 609 , 104 , 288 , 143 , 576 , 328 , 779 , 87 , 988 , 319 , 972 , 295 , 630 , 414 , 376 , 769 , 479 , 190 , 863 , 653 , 715 , 896 , 323 , 10 , 938 , 415 , 727 , 103 , 410 , 846 , 761 , 504 , 732 , 914 , 1013 , 763 , 923 , 124 , 108 , 529 , 563 , 30 , 840 , 996 , 332 , 1022 , 621 , 1013 , 146 , 628 , 936 , 807 , 239 , 442 , 389 , 775 , 363 , 438 , 736 , 283 , 765 , 477 , 71 )   
 ( 182 , 869 , 441 , 538 , 59 , 751 , 81 , 595 , 107 , 664 , 119 , 980 , 370 , 809 , 340 , 914 , 914 , 596 , 736 , 872 , 834 , 333 , 693 , 39 , 808 , 788 , 561 , 477 , 768 , 421 , 193 , 279 , 285 , 835 , 829 , 94 , 85 , 228 , 722 , 635 , 829 , 289 , 577 , 696 , 269 , 183 , 879 , 888 , 405 , 47 , 122 , 230 , 1 , 63 , 463 , 946 , 290 , 392 , 901 , 998 , 511 , 468 , 814 , 583 , 416 , 681 , 408 , 230 , 205 , 416 , 672 , 37 , 408 , 190 , 28 , 507 , 101 , 112 , 356 , 373 , 25 , 257 , 774 , 260 , 705 , 277 , 768 , 861 , 818 , 931 , 272 , 651 , 297 , 322 , 641 , 390 , 128 , 124 , 748 , 394 , 952 , 123 , 170 , 659 , 82 , 918 , 982 , 863 , 211 , 982 , 929 , 442 , 596 , 933 , 914 , 736 , 528 , 47 , 166 , 1001 , 116 , 970 , 300 , 392 , 841 , 807 , 803 , 125 , 348 , 39 , 869 , 39 , 627 , 998 , 839 , 440 , 269 , 364 , 98 , 973 , 391 , 530 , 742 , 83 , 421 , 151 , 748 , 888 , 929 , 532 , 121 , 149 , 681 , 522 , 366 , 614 , 698 , 456 , 753 , 380 , 673 , 870 , 3 , 403 , 910 , 380 , 787 , 223 , 66 , 563 , 398 , 985 , 208 , 200 , 664 , 123 , 415 , 342 , 420 , 12 , 531 , 901 , 60 , 827 , 750 , 934 , 289 , 408 , 733 , 343 , 935 , 981 , 806 , 14 , 707 , 95 , 744 , 229 , 387 , 168 , 825 , 330 , 194 , 165 , 476 , 848 , 195 , 383 , 694 , 739 , 570 , 502 , 164 , 289 , 644 , 436 , 983 , 587 , 275 , 738 , 263 , 640 , 318 , 32 , 900 , 817 , 243 , 860 , 44 , 192 , 916 , 84 , 122 , 464 , 220 , 222 , 22 , 212 , 1018 , 25 , 1003 , 550 , 992 , 965 , 952 , 942 , 615 , 295 , 312 , 404 , 438 , 405 , 865 , 28 , 683 , 261 )   


==============Secret Key cca, s=============

 ( 7 , 8184 , 0 , 31 , 8176 , 0 , 0 , 0 , 23 , 8176 , 7 , 8176 , 16 , 8 , 23 , 8184 , 15 , 8191 , 8191 , 8191 , 8184 , 0 , 16 , 7 , 8184 , 15 , 8176 , 24 , 15 , 8184 , 15 , 8184 , 16 , 15 , 8184 , 7 , 8184 , 0 , 0 , 31 , 8176 , 0 , 15 , 8191 , 8191 , 8184 , 8 , 16 , 23 , 8184 , 16 , 23 , 8183 , 8176 , 0 , 23 , 8183 , 8176 , 15 , 8184 , 7 , 8184 , 15 , 8160 , 0 , 8 , 0 , 8 , 0 , 0 , 7 , 8184 , 23 , 8184 , 0 , 8 , 0 , 7 , 8183 , 8184 , 0 , 7 , 8176 , 0 , 16 , 7 , 8184 , 8 , 8 , 7 , 8183 , 8191 , 8176 , 15 , 8184 , 7 , 8184 , 24 , 8 , 0 , 8 , 23 , 8184 , 7 , 8176 , 7 , 8184 , 0 , 8 , 31 , 8184 , 7 , 8184 , 0 , 0 , 23 , 8183 , 8175 , 8184 , 7 , 8191 , 8184 , 15 , 8184 , 7 , 8184 , 7 , 8191 , 8176 , 7 , 8176 , 0 , 8 , 8 , 8 , 15 , 8183 , 8184 , 8 , 0 , 0 , 16 , 8 , 8 , 0 , 15 , 8184 , 16 , 16 , 7 , 8184 , 0 , 8 , 8 , 7 , 8184 , 0 , 0 , 7 , 8184 , 16 , 0 , 8 , 15 , 8183 , 8191 , 8176 , 8 , 16 , 0 , 8 , 0 , 0 , 23 , 8168 , 16 , 16 , 24 , 8 , 8 , 7 , 8191 , 8175 , 8175 , 8191 , 8191 , 8176 , 0 , 15 , 8191 , 8183 , 8176 , 0 , 23 , 8183 , 8184 , 7 , 8184 , 0 , 8 , 15 , 8191 , 8184 , 16 , 16 , 0 , 0 , 16 , 16 , 16 , 8 , 15 , 8184 , 23 , 8176 , 0 , 23 , 8176 , 0 , 0 , 16 , 0 , 0 , 15 , 8184 , 8 , 8 , 7 , 8176 , 8 , 8 , 7 , 8184 , 31 , 8176 , 0 , 0 , 32 , 16 , 16 , 8 , 24 , 15 , 8184 , 0 , 0 , 15 , 8191 , 8176 , 16 , 16 , 24 , 7 , 8191 , 8176 , 15 )   
 ( 8184 , 15 , 8184 , 16 , 16 , 0 , 16 , 23 , 8176 , 8 , 7 , 8160 , 8 , 0 , 15 , 8184 , 8 , 16 , 7 , 8183 , 8184 , 8 , 8 , 8 , 8 , 16 , 32 , 7 , 8183 , 8184 , 8 , 24 , 0 , 0 , 15 , 8184 , 16 , 15 , 8175 , 8184 , 23 , 8168 , 8 , 7 , 8184 , 15 , 8191 , 8184 , 8 , 8 , 8 , 0 , 0 , 15 , 8184 , 8 , 8 , 7 , 8184 , 0 , 16 , 7 , 8184 , 8 , 0 , 0 , 16 , 8 , 0 , 0 , 23 , 8191 , 8183 , 8191 , 8176 , 0 , 0 , 16 , 31 , 8191 , 8183 , 8183 , 8184 , 7 , 8176 , 15 , 8176 , 0 , 7 , 8184 , 23 , 8183 , 8184 , 24 , 15 , 8184 , 0 , 0 , 15 , 8191 , 8184 , 0 , 0 , 23 , 8175 , 8184 , 8 , 0 , 16 , 8 , 7 , 8191 , 8184 , 7 , 8183 , 8175 , 8176 , 7 , 8175 , 8184 , 8 , 16 , 15 , 8168 , 15 , 8191 , 8191 , 8191 , 8184 , 0 , 7 , 8175 , 8183 , 8183 , 8184 , 0 , 0 , 8 , 15 , 8191 , 8184 , 0 , 15 , 8184 , 16 , 8 , 0 , 0 , 23 , 8183 , 8184 , 16 , 23 , 8191 , 8191 , 8176 , 15 , 8183 , 8176 , 31 , 8184 , 8 , 8 , 16 , 7 , 8184 , 15 , 8176 , 8 , 23 , 8176 , 8 , 0 , 8 , 8 , 7 , 8184 , 0 , 8 , 8 , 7 , 8183 , 8191 , 8176 , 0 , 8 , 15 , 8184 , 0 , 7 , 8184 , 23 , 8191 , 8191 , 8176 , 23 , 8176 , 0 , 15 , 8184 , 15 , 8184 , 0 , 15 , 8184 , 7 , 8184 , 15 , 8184 , 0 , 0 , 0 , 8 , 15 , 8191 , 8184 , 0 , 16 , 15 , 8191 , 8183 , 8184 , 8 , 15 , 8184 , 8 , 0 , 0 , 0 , 7 , 8176 , 8 , 7 , 8184 , 7 , 8175 , 8184 , 7 , 8191 , 8176 , 23 , 8191 , 8183 , 8191 , 8176 , 16 , 23 , 8176 , 0 , 8 , 16 , 8 , 8 , 8 , 8 , 15 )   
 ( 8184 , 8 , 7 , 8183 , 8184 , 0 , 16 , 8 , 7 , 8184 , 15 , 8191 , 8191 , 8184 , 8 , 23 , 8184 , 0 , 0 , 0 , 16 , 7 , 8183 , 8191 , 8176 , 8 , 23 , 8184 , 8 , 24 , 23 , 8191 , 8191 , 8184 , 15 , 8191 , 8191 , 8184 , 8 , 23 , 8184 , 7 , 8191 , 8184 , 15 , 8184 , 16 , 16 , 16 , 8 , 0 , 15 , 8191 , 8176 , 0 , 16 , 7 , 8184 , 0 , 7 , 8183 , 8184 , 15 , 8184 , 15 , 8184 , 15 , 8184 , 8 , 23 , 8183 , 8191 , 8184 , 24 , 32 , 7 , 8176 , 7 , 8184 , 0 , 0 , 16 , 0 , 0 , 0 , 8 , 15 , 8184 , 0 , 15 , 8184 , 24 , 24 , 15 , 8184 , 0 , 8 , 7 , 8176 , 0 , 16 , 0 , 15 , 8176 , 8 , 8 , 15 , 8184 , 31 , 8184 , 7 , 8184 , 0 , 0 , 16 , 0 , 7 , 8191 , 8184 , 23 , 8184 , 15 , 8191 , 8176 , 8 , 16 , 7 , 8183 , 8184 , 7 , 8176 , 23 , 8176 , 15 , 8184 , 15 , 8184 , 15 , 8184 , 16 , 31 , 8184 , 16 , 15 , 8184 , 15 , 8167 , 8183 , 8176 , 7 , 8184 , 8 , 0 , 7 , 8191 , 8191 , 8184 , 15 , 8184 , 0 , 15 , 8184 , 23 , 8184 , 7 , 8184 , 8 , 7 , 8184 , 23 , 8176 , 8 , 0 , 7 , 8184 , 0 , 8 , 23 , 8176 , 16 , 0 , 0 , 16 , 15 , 8184 , 16 , 16 , 15 , 8168 , 0 , 8 , 24 , 0 , 8 , 8 , 8 , 15 , 8184 , 7 , 8184 , 0 , 7 , 8184 , 8 , 0 , 16 , 7 , 8175 , 8175 , 8184 , 7 , 8184 , 23 , 8191 , 8184 , 7 , 8184 , 16 , 0 , 0 , 23 , 8167 , 8191 , 8176 , 0 , 0 , 0 , 16 , 0 , 23 , 8184 , 8 , 16 , 8 , 0 , 0 , 8 , 8 , 0 , 0 , 15 , 8184 , 8 , 7 , 8184 , 0 , 31 , 8176 , 8 , 16 , 8 , 15 , 8183 , 8176 , 8 , 0 )   


************************************************************
***********************ENCAPSULATION*************************
************************************************************

Encapsulation Session Key: 1011101100100110110100000111100010000000111111001111001011001100110000111001010111111110000100110100011111010010000111110011110001001010111000110101111000110110001001111011110010011001110011111110001001011011011110111001100000011111101101101000001101100011
==============Cm=============

 ( 15 , 3 , 6 , 11 , 6 , 8 , 4 , 15 , 13 , 6 , 7 , 7 , 12 , 13 , 12 , 12 , 2 , 7 , 2 , 5 , 12 , 2 , 15 , 14 , 7 , 7 , 3 , 13 , 8 , 13 , 2 , 15 , 8 , 15 , 4 , 14 , 2 , 0 , 0 , 13 , 11 , 14 , 11 , 8 , 7 , 15 , 10 , 2 , 11 , 11 , 0 , 0 , 12 , 5 , 9 , 5 , 15 , 6 , 0 , 11 , 7 , 14 , 2 , 14 , 1 , 4 , 10 , 4 , 7 , 8 , 15 , 0 , 3 , 2 , 9 , 9 , 10 , 8 , 12 , 3 , 0 , 8 , 12 , 13 , 3 , 14 , 3 , 9 , 5 , 7 , 7 , 12 , 11 , 12 , 3 , 7 , 6 , 15 , 5 , 15 , 8 , 1 , 0 , 6 , 6 , 0 , 2 , 12 , 10 , 14 , 4 , 0 , 12 , 14 , 2 , 6 , 0 , 12 , 4 , 0 , 9 , 15 , 9 , 4 , 9 , 8 , 2 , 13 , 4 , 9 , 10 , 11 , 4 , 2 , 1 , 14 , 1 , 6 , 6 , 7 , 6 , 3 , 6 , 7 , 3 , 5 , 1 , 1 , 7 , 2 , 8 , 15 , 7 , 9 , 12 , 6 , 7 , 4 , 10 , 10 , 15 , 10 , 9 , 4 , 10 , 9 , 6 , 5 , 6 , 0 , 10 , 6 , 10 , 10 , 10 , 12 , 9 , 11 , 9 , 11 , 7 , 14 , 14 , 1 , 4 , 10 , 14 , 11 , 5 , 13 , 14 , 7 , 2 , 3 , 1 , 11 , 8 , 4 , 5 , 0 , 4 , 3 , 2 , 13 , 4 , 7 , 7 , 3 , 5 , 0 , 13 , 11 , 14 , 3 , 3 , 10 , 10 , 15 , 11 , 7 , 7 , 2 , 3 , 6 , 2 , 4 , 10 , 5 , 1 , 14 , 0 , 0 , 5 , 11 , 15 , 9 , 5 , 13 , 15 , 1 , 6 , 14 , 1 , 10 , 10 , 2 , 6 , 9 , 15 , 0 , 9 , 3 , 12 , 15 , 0 , 14 )   


==============b'=============

 ( 514 , 978 , 171 , 343 , 985 , 61 , 980 , 977 , 939 , 413 , 115 , 692 , 853 , 326 , 360 , 341 , 437 , 32 , 624 , 787 , 704 , 779 , 718 , 795 , 121 , 689 , 485 , 457 , 890 , 536 , 378 , 741 , 643 , 870 , 487 , 852 , 83 , 893 , 900 , 719 , 441 , 936 , 111 , 337 , 841 , 862 , 7 , 651 , 287 , 908 , 663 , 484 , 367 , 128 , 126 , 370 , 377 , 553 , 575 , 237 , 848 , 473 , 54 , 809 , 270 , 862 , 356 , 233 , 294 , 707 , 342 , 486 , 984 , 902 , 96 , 220 , 69 , 400 , 1002 , 827 , 70 , 622 , 898 , 92 , 1007 , 861 , 745 , 10 , 618 , 790 , 937 , 307 , 1012 , 920 , 222 , 82 , 513 , 55 , 1012 , 607 , 696 , 174 , 140 , 702 , 385 , 26 , 570 , 381 , 558 , 624 , 821 , 398 , 952 , 378 , 935 , 385 , 1003 , 662 , 1020 , 993 , 885 , 999 , 289 , 730 , 237 , 133 , 695 , 991 , 573 , 175 , 367 , 38 , 462 , 377 , 641 , 303 , 287 , 304 , 21 , 26 , 468 , 801 , 215 , 897 , 582 , 693 , 837 , 925 , 567 , 664 , 117 , 407 , 481 , 62 , 191 , 786 , 17 , 33 , 940 , 1007 , 562 , 956 , 538 , 309 , 761 , 238 , 955 , 967 , 810 , 5 , 892 , 1002 , 792 , 977 , 599 , 401 , 605 , 1023 , 398 , 579 , 666 , 346 , 467 , 652 , 591 , 25 , 807 , 540 , 280 , 646 , 832 , 88 , 837 , 262 , 611 , 783 , 1001 , 366 , 927 , 140 , 479 , 436 , 377 , 339 , 544 , 648 , 681 , 819 , 1000 , 377 , 61 , 767 , 672 , 955 , 604 , 741 , 718 , 606 , 670 , 998 , 797 , 736 , 621 , 319 , 115 , 593 , 350 , 20 , 625 , 327 , 100 , 195 , 239 , 479 , 850 , 586 , 635 , 458 , 230 , 101 , 671 , 478 , 576 , 416 , 334 , 27 , 584 , 366 , 133 , 323 , 127 , 970 , 547 , 903 , 718 , 419 )   


************************************************************
**********************DECAPSULATION*************************
************************************************************

Decapsulation Session Key: 1100010101010011110000101110100111001001010101001110111001001010101001111111011000110110111010100100000010110100011010111110110110101010000110001101010100110101100101110111001010111011011010011100111010111110100011100101100110110100101000001111001110000101
