
************************************************************
**************************KEYGEN****************************
************************************************************
==============b=============

 ( 666 , 209 , 511 , 702 , 386 , 421 , 646 , 581 , 363 , 505 , 603 , 246 , 785 , 802 , 215 , 546 , 716 , 435 , 337 , 687 , 18 , 179 , 622 , 572 , 303 , 411 , 747 , 208 , 44 , 717 , 177 , 615 , 967 , 566 , 653 , 811 , 127 , 947 , 122 , 702 , 868 , 425 , 133 , 698 , 239 , 388 , 310 , 987 , 549 , 1002 , 846 , 454 , 95 , 303 , 789 , 214 , 177 , 18 , 463 , 741 , 1009 , 792 , 835 , 849 , 495 , 1015 , 265 , 448 , 282 , 959 , 478 , 575 , 140 , 153 , 920 , 469 , 588 , 227 , 460 , 138 , 371 , 759 , 247 , 757 , 988 , 1008 , 931 , 918 , 882 , 180 , 479 , 289 , 604 , 969 , 55 , 667 , 530 , 262 , 89 , 40 , 273 , 316 , 413 , 515 , 984 , 575 , 492 , 464 , 800 , 871 , 489 , 872 , 816 , 440 , 1017 , 872 , 453 , 574 , 888 , 296 , 266 , 116 , 304 , 273 , 547 , 832 , 966 , 488 , 824 , 51 , 505 , 645 , 545 , 45 , 518 , 12 , 98 , 551 , 1013 , 288 , 70 , 812 , 225 , 551 , 138 , 427 , 299 , 659 , 598 , 951 , 926 , 680 , 874 , 646 , 68 , 451 , 286 , 62 , 622 , 338 , 180 , 383 , 232 , 476 , 592 , 676 , 985 , 611 , 170 , 42 , 770 , 367 , 481 , 732 , 785 , 415 , 113 , 781 , 548 , 740 , 804 , 321 , 484 , 606 , 349 , 682 , 40 , 563 , 851 , 34 , 26 , 735 , 268 , 840 , 777 , 117 , 529 , 430 , 780 , 311 , 234 , 696 , 210 , 996 , 93 , 46 , 278 , 85 , 1022 , 631 , 982 , 971 , 494 , 847 , 365 , 662 , 647 , 358 , 106 , 192 , 107 , 544 , 511 , 829 , 946 , 955 , 842 , 442 , 541 , 586 , 836 , 210 , 829 , 63 , 949 , 154 , 700 , 88 , 414 , 653 , 155 , 569 , 679 , 643 , 212 , 968 , 48 , 634 , 100 , 754 , 636 , 2 , 264 , 832 , 462 , 931 )   
 ( 923 , 772 , 640 , 617 , 804 , 214 , 347 , 775 , 128 , 236 , 232 , 853 , 432 , 730 , 438 , 677 , 365 , 57 , 1008 , 997 , 589 , 353 , 551 , 310 , 155 , 572 , 35 , 895 , 796 , 717 , 179 , 888 , 398 , 28 , 701 , 686 , 349 , 121 , 435 , 16 , 22 , 578 , 350 , 38 , 511 , 670 , 583 , 465 , 916 , 172 , 566 , 1 , 118 , 831 , 887 , 341 , 484 , 750 , 762 , 33 , 195 , 354 , 233 , 538 , 498 , 150 , 312 , 918 , 944 , 671 , 1008 , 104 , 362 , 418 , 861 , 601 , 69 , 637 , 311 , 461 , 277 , 824 , 315 , 752 , 476 , 439 , 209 , 462 , 768 , 877 , 751 , 133 , 854 , 826 , 835 , 942 , 449 , 466 , 845 , 375 , 832 , 657 , 860 , 552 , 716 , 442 , 568 , 847 , 92 , 134 , 280 , 906 , 595 , 789 , 818 , 661 , 835 , 506 , 279 , 225 , 975 , 716 , 209 , 925 , 592 , 1020 , 986 , 513 , 570 , 462 , 826 , 163 , 495 , 20 , 55 , 852 , 867 , 61 , 475 , 763 , 0 , 267 , 744 , 504 , 311 , 1018 , 714 , 688 , 621 , 863 , 619 , 47 , 220 , 421 , 259 , 794 , 945 , 189 , 874 , 137 , 558 , 314 , 878 , 661 , 704 , 348 , 517 , 1023 , 429 , 126 , 49 , 452 , 536 , 818 , 27 , 684 , 236 , 353 , 414 , 526 , 373 , 296 , 139 , 315 , 104 , 517 , 217 , 628 , 29 , 295 , 518 , 345 , 387 , 151 , 441 , 762 , 232 , 405 , 991 , 392 , 432 , 866 , 96 , 225 , 199 , 395 , 564 , 211 , 448 , 258 , 233 , 651 , 931 , 121 , 1001 , 1005 , 241 , 486 , 51 , 190 , 647 , 585 , 891 , 37 , 899 , 63 , 619 , 369 , 427 , 477 , 329 , 892 , 627 , 354 , 342 , 256 , 204 , 722 , 467 , 723 , 918 , 937 , 314 , 933 , 1021 , 935 , 278 , 293 , 482 , 415 , 276 , 374 , 338 , 0 , 420 , 822 )   
 ( 1004 , 637 , 556 , 62 , 286 , 933 , 955 , 777 , 495 , 937 , 615 , 878 , 787 , 774 , 760 , 653 , 84 , 761 , 27 , 290 , 560 , 549 , 598 , 878 , 922 , 459 , 828 , 727 , 358 , 225 , 324 , 37 , 938 , 332 , 152 , 748 , 435 , 601 , 534 , 748 , 419 , 281 , 180 , 883 , 611 , 333 , 99 , 137 , 544 , 140 , 415 , 22 , 517 , 325 , 878 , 946 , 123 , 995 , 406 , 213 , 30 , 453 , 490 , 81 , 156 , 576 , 442 , 256 , 466 , 664 , 145 , 512 , 840 , 501 , 1003 , 987 , 514 , 550 , 148 , 944 , 43 , 710 , 819 , 163 , 816 , 482 , 985 , 318 , 224 , 529 , 712 , 953 , 160 , 125 , 690 , 712 , 445 , 841 , 846 , 937 , 327 , 723 , 310 , 132 , 755 , 453 , 511 , 534 , 373 , 738 , 529 , 774 , 522 , 36 , 956 , 772 , 832 , 391 , 410 , 345 , 490 , 503 , 312 , 119 , 524 , 431 , 705 , 304 , 607 , 363 , 607 , 570 , 300 , 998 , 228 , 209 , 806 , 425 , 441 , 617 , 244 , 562 , 320 , 200 , 902 , 498 , 460 , 455 , 436 , 710 , 269 , 570 , 753 , 126 , 381 , 3 , 523 , 464 , 900 , 350 , 162 , 114 , 329 , 943 , 17 , 276 , 477 , 402 , 0 , 489 , 672 , 782 , 231 , 827 , 356 , 845 , 366 , 281 , 831 , 669 , 202 , 352 , 678 , 990 , 684 , 290 , 65 , 375 , 157 , 693 , 444 , 185 , 225 , 531 , 242 , 655 , 660 , 162 , 148 , 424 , 232 , 592 , 502 , 701 , 934 , 819 , 628 , 397 , 700 , 69 , 111 , 827 , 277 , 898 , 632 , 430 , 225 , 840 , 438 , 657 , 62 , 153 , 579 , 578 , 881 , 677 , 966 , 77 , 779 , 653 , 306 , 37 , 727 , 420 , 660 , 99 , 578 , 509 , 334 , 822 , 555 , 686 , 680 , 796 , 354 , 632 , 421 , 653 , 409 , 251 , 961 , 1022 , 517 , 539 , 53 , 108 )   


==============s=============

 ( 8191 , 3 , 0 , 8190 , 0 , 8189 , 8190 , 0 , 8189 , 8191 , 0 , 8191 , 0 , 8190 , 0 , 8188 , 1 , 2 , 1 , 0 , 2 , 2 , 2 , 8188 , 8191 , 1 , 8190 , 0 , 1 , 1 , 8191 , 1 , 0 , 8189 , 8190 , 8191 , 1 , 3 , 8189 , 8191 , 0 , 0 , 0 , 0 , 0 , 0 , 8191 , 0 , 0 , 3 , 0 , 1 , 8190 , 0 , 0 , 1 , 0 , 2 , 0 , 0 , 0 , 3 , 8191 , 8189 , 8190 , 2 , 8190 , 8190 , 1 , 0 , 1 , 0 , 0 , 0 , 3 , 2 , 8191 , 1 , 2 , 8191 , 0 , 0 , 0 , 8191 , 8191 , 1 , 1 , 1 , 1 , 8190 , 1 , 8191 , 8191 , 8190 , 0 , 2 , 1 , 1 , 2 , 1 , 0 , 8191 , 0 , 0 , 0 , 8190 , 8191 , 8190 , 2 , 8191 , 0 , 8191 , 8188 , 2 , 1 , 3 , 8190 , 0 , 0 , 8190 , 1 , 1 , 2 , 2 , 0 , 0 , 8191 , 0 , 3 , 0 , 8190 , 3 , 8191 , 0 , 2 , 0 , 8190 , 8190 , 0 , 8189 , 8191 , 0 , 8190 , 0 , 1 , 0 , 0 , 1 , 1 , 1 , 1 , 8190 , 0 , 2 , 0 , 0 , 0 , 8191 , 8191 , 2 , 0 , 1 , 8191 , 2 , 0 , 8190 , 8191 , 2 , 8190 , 2 , 0 , 1 , 8190 , 0 , 3 , 8191 , 2 , 1 , 8190 , 0 , 8188 , 2 , 0 , 2 , 2 , 1 , 0 , 8191 , 8191 , 1 , 0 , 8191 , 0 , 3 , 0 , 8191 , 0 , 8190 , 1 , 2 , 8190 , 8190 , 2 , 8191 , 8190 , 3 , 8190 , 8191 , 0 , 0 , 0 , 8191 , 8188 , 8191 , 0 , 1 , 2 , 8191 , 8190 , 8191 , 2 , 3 , 8191 , 1 , 8191 , 8190 , 1 , 8191 , 1 , 2 , 2 , 8189 , 8190 , 8190 , 8191 , 0 , 2 , 0 , 8189 , 2 , 1 , 0 , 8191 , 0 , 1 , 8191 , 1 , 8190 , 2 , 8191 , 8190 , 0 , 8191 , 0 , 8191 , 8188 )   
 ( 8191 , 8191 , 8191 , 8190 , 8191 , 8190 , 1 , 1 , 8190 , 8191 , 1 , 1 , 1 , 8191 , 8190 , 2 , 2 , 8188 , 8190 , 1 , 0 , 8191 , 2 , 8191 , 8191 , 0 , 1 , 0 , 8190 , 0 , 1 , 8190 , 2 , 1 , 1 , 0 , 8189 , 0 , 0 , 8191 , 8191 , 0 , 8191 , 0 , 8190 , 8190 , 8191 , 2 , 8191 , 8190 , 8189 , 8191 , 8190 , 0 , 0 , 2 , 1 , 0 , 8190 , 0 , 1 , 0 , 0 , 1 , 8191 , 1 , 8191 , 8191 , 0 , 0 , 3 , 8191 , 3 , 8191 , 8191 , 8191 , 0 , 1 , 1 , 1 , 1 , 0 , 8189 , 8191 , 8191 , 8191 , 2 , 2 , 1 , 0 , 8190 , 0 , 0 , 0 , 0 , 8190 , 0 , 3 , 0 , 8191 , 8191 , 8191 , 8191 , 0 , 8191 , 1 , 0 , 8191 , 8190 , 0 , 0 , 2 , 0 , 1 , 8190 , 8191 , 0 , 8190 , 8189 , 8191 , 1 , 8191 , 0 , 1 , 1 , 1 , 8190 , 1 , 0 , 0 , 8191 , 0 , 1 , 8189 , 0 , 1 , 0 , 8191 , 1 , 8189 , 8191 , 0 , 8191 , 1 , 1 , 1 , 8191 , 0 , 8191 , 0 , 2 , 2 , 2 , 8191 , 1 , 2 , 0 , 0 , 8191 , 1 , 8190 , 0 , 2 , 8191 , 0 , 8191 , 1 , 0 , 8191 , 8191 , 8189 , 1 , 1 , 8191 , 0 , 2 , 8191 , 1 , 1 , 1 , 0 , 0 , 8191 , 8189 , 1 , 1 , 0 , 1 , 0 , 2 , 8189 , 0 , 8191 , 2 , 0 , 1 , 8191 , 8190 , 8191 , 2 , 1 , 0 , 8191 , 8191 , 0 , 8189 , 1 , 0 , 8191 , 3 , 8189 , 8190 , 0 , 3 , 0 , 8189 , 8191 , 8190 , 2 , 1 , 2 , 8188 , 8189 , 1 , 8190 , 0 , 1 , 8189 , 8191 , 0 , 8190 , 2 , 8191 , 8191 , 8191 , 8190 , 1 , 8191 , 8191 , 2 , 1 , 8191 , 2 , 0 , 8189 , 0 , 0 , 2 , 0 , 2 , 0 , 0 , 8190 , 8190 , 3 , 1 )   
 ( 0 , 8191 , 8191 , 0 , 8191 , 8189 , 8191 , 3 , 0 , 2 , 2 , 2 , 0 , 8191 , 8191 , 0 , 0 , 8190 , 8191 , 1 , 8191 , 2 , 8191 , 2 , 1 , 0 , 0 , 1 , 3 , 1 , 8191 , 8191 , 8191 , 8191 , 1 , 8191 , 0 , 1 , 0 , 0 , 0 , 2 , 8191 , 0 , 1 , 8191 , 0 , 1 , 3 , 0 , 8190 , 1 , 1 , 8189 , 0 , 1 , 0 , 1 , 0 , 1 , 1 , 2 , 8189 , 0 , 8190 , 8190 , 8191 , 0 , 1 , 1 , 1 , 8191 , 1 , 2 , 0 , 8191 , 0 , 8189 , 3 , 1 , 2 , 3 , 8191 , 8190 , 2 , 2 , 8191 , 0 , 0 , 2 , 8191 , 0 , 8191 , 2 , 3 , 0 , 8191 , 1 , 8190 , 8191 , 0 , 8190 , 8189 , 8190 , 8189 , 8190 , 0 , 0 , 8190 , 8191 , 2 , 2 , 2 , 0 , 1 , 1 , 0 , 0 , 3 , 0 , 0 , 1 , 0 , 0 , 8191 , 3 , 8190 , 8189 , 8191 , 1 , 8190 , 2 , 1 , 8191 , 1 , 8189 , 8191 , 8191 , 0 , 0 , 8191 , 8190 , 1 , 8190 , 8188 , 8191 , 8191 , 2 , 3 , 8191 , 8190 , 8191 , 8190 , 1 , 8189 , 1 , 0 , 0 , 1 , 1 , 1 , 0 , 1 , 2 , 8191 , 2 , 0 , 8191 , 1 , 8190 , 0 , 1 , 2 , 8191 , 0 , 0 , 8190 , 8190 , 8190 , 1 , 0 , 8191 , 0 , 1 , 0 , 0 , 8190 , 0 , 0 , 0 , 1 , 0 , 8191 , 2 , 1 , 1 , 1 , 0 , 0 , 1 , 2 , 8190 , 0 , 8188 , 8188 , 8191 , 8191 , 0 , 2 , 0 , 2 , 8190 , 8190 , 8191 , 1 , 8191 , 0 , 8190 , 0 , 1 , 0 , 0 , 8190 , 0 , 0 , 8191 , 8191 , 0 , 8190 , 8190 , 0 , 8191 , 2 , 3 , 2 , 8191 , 0 , 1 , 8189 , 3 , 8191 , 1 , 8191 , 0 , 0 , 1 , 2 , 0 , 3 , 1 , 8190 , 1 , 0 , 1 , 1 , 4 )   

************************************************************
************************ENCRYPTION**************************
************************************************************

Message to encrypt: 
 
==============m=============

 ( 1 , 0 , 1 , 0 , 1 , 1 , 1 , 1 , 1 , 1 , 1 , 1 , 1 , 1 , 1 , 1 , 1 , 1 , 1 , 1 , 1 , 1 , 1 , 1 , 1 , 1 , 1 , 1 , 1 , 1 , 1 , 1 , 1 , 1 , 1 , 1 , 1 , 1 , 1 , 1 , 1 , 1 , 1 , 1 , 1 , 1 , 1 , 1 , 1 , 1 , 1 , 1 , 1 , 1 , 1 , 1 , 1 , 1 , 1 , 1 , 1 , 1 , 1 , 1 , 1 , 1 , 1 , 1 , 1 , 1 , 1 , 1 , 1 , 1 , 1 , 1 , 1 , 1 , 1 , 1 , 1 , 1 , 1 , 1 , 1 , 1 , 1 , 1 , 1 , 1 , 1 , 1 , 1 , 1 , 1 , 1 , 1 , 1 , 1 , 1 , 1 , 1 , 1 , 1 , 1 , 1 , 1 , 1 , 0 , 1 , 1 , 1 , 1 , 1 , 1 , 1 , 1 , 1 , 1 , 1 , 1 , 1 , 1 , 1 , 1 , 1 , 1 , 1 , 1 , 1 , 1 , 1 , 1 , 1 , 1 , 1 , 1 , 1 , 1 , 1 , 1 , 1 , 1 , 1 , 1 , 1 , 1 , 1 , 1 , 1 , 1 , 1 , 1 , 1 , 1 , 1 , 1 , 1 , 1 , 1 , 1 , 1 , 1 , 1 , 1 , 1 , 1 , 1 , 1 , 1 , 1 , 1 , 1 , 1 , 1 , 1 , 1 , 1 , 1 , 1 , 1 , 1 , 1 , 1 , 1 , 1 , 1 , 1 , 1 , 1 , 1 , 1 , 1 , 1 , 1 , 1 , 1 , 1 , 1 , 1 , 1 , 1 , 1 , 1 , 1 , 1 , 1 , 1 , 1 , 1 , 1 , 1 , 1 , 1 , 1 , 1 , 1 , 1 , 1 , 1 , 1 , 1 , 1 , 1 , 1 , 1 , 1 , 1 , 1 , 1 , 1 , 1 , 1 , 1 , 1 , 1 , 1 , 1 , 1 , 1 , 1 , 1 , 1 , 1 , 1 , 1 , 1 , 1 , 1 , 1 , 1 , 1 , 1 , 1 , 1 , 1 )   


==============cm=============

 ( 0 , 13 , 7 , 2 , 0 , 2 , 13 , 0 , 15 , 11 , 11 , 13 , 0 , 8 , 7 , 13 , 4 , 1 , 13 , 1 , 1 , 9 , 0 , 1 , 9 , 2 , 6 , 10 , 3 , 7 , 2 , 5 , 12 , 3 , 11 , 12 , 6 , 9 , 11 , 8 , 15 , 2 , 14 , 2 , 12 , 4 , 2 , 14 , 9 , 5 , 15 , 14 , 7 , 8 , 12 , 0 , 0 , 1 , 2 , 6 , 14 , 15 , 4 , 1 , 4 , 5 , 4 , 9 , 5 , 12 , 13 , 4 , 12 , 7 , 2 , 9 , 14 , 10 , 6 , 9 , 2 , 3 , 8 , 15 , 14 , 2 , 6 , 13 , 2 , 11 , 9 , 2 , 8 , 1 , 12 , 14 , 14 , 0 , 13 , 11 , 3 , 13 , 7 , 15 , 6 , 9 , 8 , 12 , 0 , 11 , 14 , 3 , 1 , 12 , 9 , 14 , 0 , 5 , 14 , 3 , 15 , 13 , 4 , 0 , 5 , 5 , 14 , 9 , 14 , 12 , 8 , 7 , 5 , 12 , 13 , 7 , 2 , 4 , 1 , 0 , 15 , 3 , 6 , 2 , 9 , 5 , 2 , 9 , 11 , 5 , 15 , 13 , 4 , 9 , 13 , 0 , 15 , 7 , 5 , 14 , 5 , 12 , 7 , 11 , 3 , 0 , 14 , 3 , 10 , 8 , 0 , 13 , 11 , 11 , 9 , 12 , 8 , 0 , 4 , 5 , 9 , 10 , 13 , 3 , 2 , 5 , 1 , 11 , 1 , 13 , 1 , 0 , 11 , 7 , 3 , 7 , 7 , 2 , 5 , 1 , 4 , 10 , 6 , 6 , 1 , 13 , 8 , 7 , 9 , 6 , 4 , 11 , 12 , 13 , 13 , 0 , 6 , 4 , 9 , 8 , 15 , 13 , 5 , 8 , 2 , 10 , 4 , 11 , 10 , 0 , 6 , 2 , 5 , 8 , 0 , 9 , 13 , 13 , 14 , 1 , 3 , 13 , 5 , 9 , 12 , 15 , 3 , 15 , 12 , 3 , 4 , 9 , 5 , 1 , 9 , 5 )   


==============b'=============

 ( 926 , 979 , 1013 , 562 , 1013 , 494 , 7 , 650 , 506 , 127 , 158 , 901 , 614 , 895 , 524 , 939 , 229 , 115 , 709 , 908 , 201 , 289 , 795 , 513 , 11 , 775 , 319 , 57 , 619 , 794 , 828 , 67 , 724 , 562 , 423 , 165 , 590 , 92 , 471 , 701 , 193 , 381 , 343 , 825 , 57 , 62 , 747 , 536 , 979 , 646 , 970 , 293 , 967 , 912 , 306 , 65 , 911 , 96 , 854 , 996 , 774 , 768 , 755 , 816 , 126 , 792 , 435 , 39 , 411 , 513 , 883 , 48 , 946 , 104 , 466 , 688 , 476 , 286 , 234 , 914 , 796 , 738 , 343 , 698 , 93 , 337 , 360 , 389 , 712 , 390 , 909 , 279 , 689 , 643 , 422 , 180 , 467 , 857 , 757 , 783 , 996 , 575 , 300 , 22 , 236 , 764 , 1001 , 866 , 222 , 768 , 685 , 53 , 791 , 638 , 431 , 888 , 33 , 519 , 413 , 299 , 915 , 754 , 34 , 434 , 885 , 552 , 677 , 406 , 285 , 170 , 680 , 1007 , 870 , 66 , 76 , 286 , 473 , 874 , 898 , 494 , 328 , 28 , 790 , 930 , 63 , 1019 , 459 , 962 , 811 , 852 , 247 , 687 , 25 , 143 , 943 , 788 , 305 , 1014 , 222 , 740 , 9 , 490 , 828 , 106 , 752 , 547 , 182 , 390 , 164 , 545 , 619 , 370 , 875 , 417 , 480 , 843 , 170 , 322 , 139 , 303 , 275 , 624 , 319 , 896 , 743 , 171 , 551 , 210 , 612 , 681 , 948 , 955 , 570 , 981 , 618 , 305 , 949 , 565 , 182 , 583 , 62 , 612 , 110 , 525 , 130 , 959 , 742 , 861 , 51 , 459 , 502 , 97 , 949 , 767 , 400 , 863 , 624 , 131 , 127 , 160 , 739 , 108 , 278 , 1017 , 656 , 745 , 684 , 456 , 774 , 859 , 995 , 685 , 196 , 1016 , 1004 , 156 , 548 , 137 , 401 , 669 , 961 , 389 , 640 , 236 , 545 , 359 , 359 , 303 , 768 , 531 , 628 , 648 , 414 , 269 , 938 , 680 )   
 ( 902 , 255 , 367 , 11 , 6 , 513 , 434 , 288 , 98 , 712 , 84 , 6 , 298 , 143 , 272 , 939 , 456 , 608 , 856 , 840 , 721 , 120 , 855 , 487 , 355 , 802 , 796 , 321 , 412 , 489 , 349 , 465 , 603 , 66 , 547 , 202 , 384 , 460 , 254 , 663 , 293 , 12 , 460 , 252 , 188 , 121 , 109 , 133 , 189 , 223 , 792 , 178 , 132 , 538 , 573 , 599 , 353 , 322 , 235 , 185 , 439 , 949 , 734 , 77 , 964 , 692 , 67 , 840 , 743 , 996 , 765 , 601 , 13 , 730 , 522 , 995 , 100 , 160 , 824 , 891 , 284 , 821 , 516 , 101 , 984 , 970 , 435 , 357 , 364 , 953 , 234 , 886 , 630 , 726 , 804 , 81 , 880 , 937 , 185 , 395 , 766 , 982 , 624 , 1017 , 302 , 382 , 782 , 614 , 371 , 826 , 231 , 870 , 255 , 14 , 59 , 627 , 859 , 659 , 858 , 491 , 542 , 725 , 394 , 288 , 495 , 557 , 991 , 903 , 67 , 592 , 866 , 149 , 305 , 92 , 371 , 808 , 593 , 695 , 481 , 701 , 106 , 441 , 721 , 560 , 406 , 190 , 720 , 403 , 119 , 1007 , 52 , 931 , 941 , 348 , 889 , 999 , 21 , 764 , 515 , 521 , 239 , 973 , 361 , 857 , 509 , 881 , 939 , 453 , 934 , 855 , 17 , 562 , 255 , 552 , 495 , 315 , 738 , 256 , 975 , 396 , 1018 , 781 , 289 , 179 , 498 , 20 , 835 , 956 , 434 , 47 , 84 , 42 , 793 , 919 , 182 , 798 , 614 , 143 , 343 , 77 , 370 , 648 , 651 , 5 , 489 , 109 , 635 , 513 , 499 , 577 , 463 , 606 , 418 , 941 , 1019 , 268 , 640 , 684 , 33 , 680 , 916 , 312 , 305 , 806 , 801 , 316 , 256 , 982 , 691 , 294 , 609 , 100 , 248 , 227 , 373 , 398 , 942 , 370 , 423 , 228 , 428 , 191 , 90 , 228 , 909 , 261 , 648 , 1018 , 86 , 506 , 952 , 57 , 271 , 12 , 227 , 695 )   
 ( 494 , 996 , 165 , 949 , 61 , 390 , 201 , 296 , 997 , 694 , 465 , 133 , 772 , 121 , 92 , 898 , 673 , 992 , 329 , 556 , 920 , 360 , 784 , 856 , 788 , 137 , 681 , 910 , 524 , 2 , 166 , 242 , 770 , 96 , 1020 , 254 , 863 , 205 , 298 , 640 , 341 , 424 , 692 , 638 , 801 , 325 , 215 , 450 , 898 , 41 , 196 , 407 , 333 , 616 , 892 , 113 , 953 , 789 , 585 , 865 , 660 , 191 , 753 , 232 , 410 , 33 , 767 , 243 , 328 , 211 , 723 , 228 , 639 , 56 , 912 , 878 , 710 , 685 , 583 , 56 , 507 , 25 , 478 , 309 , 659 , 683 , 952 , 938 , 513 , 580 , 430 , 778 , 566 , 987 , 463 , 450 , 292 , 314 , 584 , 841 , 939 , 777 , 586 , 436 , 899 , 6 , 875 , 86 , 676 , 458 , 97 , 846 , 407 , 444 , 901 , 216 , 32 , 99 , 403 , 561 , 861 , 628 , 23 , 378 , 599 , 796 , 237 , 966 , 60 , 707 , 308 , 422 , 20 , 867 , 78 , 59 , 640 , 125 , 268 , 651 , 593 , 784 , 455 , 358 , 258 , 248 , 665 , 778 , 255 , 714 , 431 , 619 , 155 , 420 , 86 , 278 , 441 , 240 , 566 , 439 , 288 , 36 , 738 , 830 , 254 , 390 , 198 , 532 , 254 , 674 , 296 , 744 , 913 , 229 , 394 , 794 , 1018 , 648 , 732 , 293 , 684 , 763 , 185 , 797 , 240 , 484 , 766 , 12 , 448 , 46 , 486 , 450 , 136 , 122 , 30 , 155 , 658 , 907 , 650 , 200 , 524 , 69 , 308 , 289 , 459 , 45 , 347 , 870 , 147 , 885 , 554 , 804 , 169 , 344 , 897 , 181 , 281 , 556 , 933 , 73 , 777 , 550 , 172 , 644 , 684 , 218 , 7 , 453 , 976 , 314 , 279 , 88 , 167 , 548 , 714 , 32 , 486 , 1017 , 1020 , 267 , 378 , 91 , 881 , 523 , 892 , 778 , 609 , 80 , 569 , 86 , 795 , 554 , 9 , 794 , 715 , 685 )   

************************************************************
************************DECRYPTION**************************
************************************************************

==============m'=============

 ( 1 , 0 , 1 , 0 , 1 , 1 , 1 , 1 , 1 , 1 , 1 , 1 , 1 , 1 , 1 , 1 , 1 , 1 , 1 , 1 , 1 , 1 , 1 , 1 , 1 , 1 , 1 , 1 , 1 , 1 , 1 , 1 , 1 , 1 , 1 , 1 , 1 , 1 , 1 , 1 , 1 , 1 , 1 , 1 , 1 , 1 , 1 , 1 , 1 , 1 , 1 , 1 , 1 , 1 , 1 , 1 , 1 , 1 , 1 , 1 , 1 , 1 , 1 , 1 , 1 , 1 , 1 , 1 , 1 , 1 , 1 , 1 , 1 , 1 , 1 , 1 , 1 , 1 , 1 , 1 , 1 , 1 , 1 , 1 , 1 , 1 , 1 , 1 , 1 , 1 , 1 , 1 , 1 , 1 , 1 , 1 , 1 , 1 , 1 , 1 , 1 , 1 , 1 , 1 , 1 , 1 , 1 , 1 , 0 , 1 , 1 , 1 , 1 , 1 , 1 , 1 , 1 , 1 , 1 , 1 , 1 , 1 , 1 , 1 , 1 , 1 , 1 , 1 , 1 , 1 , 1 , 1 , 1 , 1 , 1 , 1 , 1 , 1 , 1 , 1 , 1 , 1 , 1 , 1 , 1 , 1 , 1 , 1 , 1 , 1 , 1 , 1 , 1 , 1 , 1 , 1 , 1 , 1 , 1 , 1 , 1 , 1 , 1 , 1 , 1 , 1 , 1 , 1 , 1 , 1 , 1 , 1 , 1 , 1 , 1 , 1 , 1 , 1 , 1 , 1 , 1 , 1 , 1 , 1 , 1 , 1 , 1 , 1 , 1 , 1 , 1 , 1 , 1 , 1 , 1 , 1 , 1 , 1 , 1 , 1 , 1 , 1 , 1 , 1 , 1 , 1 , 1 , 1 , 1 , 1 , 1 , 1 , 1 , 1 , 1 , 1 , 1 , 1 , 1 , 1 , 1 , 1 , 1 , 1 , 1 , 1 , 1 , 1 , 1 , 1 , 1 , 1 , 1 , 1 , 1 , 1 , 1 , 1 , 1 , 1 , 1 , 1 , 1 , 1 , 1 , 1 , 1 , 1 , 1 , 1 , 1 , 1 , 1 , 1 , 1 , 1 )   

